1 20 20
2 20 20
3 19 20
4 19 20
5 18 20
6 18 20
7 18 20
8 18 20
9 17 20
10 17 20
11 15 3
12 15 3
13 15 3
14 15 3
15 15 3
16 15 3
17 15 3
18 30 3
19 30 3
20 30 2
21 30 2
22 30 2
23 30 1
24 30 1
25 30 1
26 60 1
27 60 1
28 60 1
29 60 1
30 60 1
31 60 1
32 60 1
33 60 1
34 60 1
35 60 1
36 60 1
37 60 1
38 60 1
39 60 1
40 119 1
41 119 1
42 119 1
43 119 1
44 119 1
45 119 1
46 119 1
47 119 1
48 119 1
49 119 1
50 119 1
51 119 1
52 119 1
53 119 1
54 119 1
55 119 1
56 119 1
57 119 1
58 119 1
59 119 1
60 119 1
61 119 1
62 119 1
63 119 1
64 119 1
65 119 1
66 238 1
67 238 1
68 238 1
69 238 1
70 238 1
71 476 1
72 474 1
73 466 1
74 459 1
75 458 1
76 458 1
77 916 1
78 914 1
79 914 1
80 913 1
81 911 1
82 910 1
83 909 1
84 908 1
85 907 1
86 903 1
87 896 1
88 893 1
89 892 1
90 886 1
91 886 1
92 883 1
93 878 1
94 872 1
95 870 1
96 868 1
97 866 1
98 863 1
99 861 1
100 860 1
101 859 2
102 852 2
103 1700 2
104 1688 2
105 1666 2
106 1637 2
107 1612 2
108 1588 2
109 3118 2
110 2986 2
111 2867 2
112 2684 2
113 5042 2
114 4418 2
115 3641 2
116 2913 2
117 2185 2
118 1545 2
119 1103 2
120 803 2
121 572 2
122 398 2
123 272 2
124 211 2
125 187 2
126 168 2
127 167 2
128 164 2
129 163 2
130 158 2
131 158 2
132 158 2
133 158 2
134 158 2
135 158 2
136 158 2
137 158 2
138 158 2
139 158 2
140 316 2
141 314 2
142 622 2
143 1230 2
144 1202 2
145 1168 2
146 1127 2
147 1034 2
148 944 2
149 865 2
150 782 2
151 711 2
152 651 2
153 1170 2
154 951 2
155 779 2
156 642 2
157 535 2
158 461 2
159 414 2
160 390 2
161 732 2
162 625 2
163 543 2
164 462 2
165 408 2
166 361 2
167 329 2
168 305 2
169 289 2
170 277 2
171 269 2
172 264 2
173 262 2
174 257 2
175 253 2
176 250 2
177 246 2
178 246 2
179 490 2
180 490 2
181 477 2
182 472 2
183 465 2
184 453 2
185 443 2
186 434 2
187 860 2
188 823 2
189 1552 2
190 1375 2
191 1187 2
192 995 2
193 811 2
194 666 2
195 1076 2
196 722 2
197 478 2
198 338 2
199 266 2
200 228 2
201 207 2
202 186 2
203 178 2
204 174 2
205 174 2
206 171 2
207 169 2
208 169 2
209 169 2
210 169 2
211 169 2
212 169 2
213 169 2
214 168 2
215 168 2
216 168 2
217 168 2
218 168 2
219 336 2
220 335 2
221 332 2
222 330 2
223 660 2
224 657 2
225 654 2
226 648 2
227 1286 2
228 1257 2
229 1220 2
230 1173 2
231 1119 2
232 1057 2
233 982 2
234 898 2
235 823 2
236 735 2
237 674 2
238 621 2
239 553 2
240 998 2
241 838 2
242 692 2
243 1152 2
244 803 2
245 591 2
246 451 2
247 712 2
248 447 2
249 327 2
250 263 2
251 220 2
252 199 2
253 189 2
254 184 2
255 360 2
256 356 2
257 343 2
258 329 2
259 319 2
260 309 2
261 298 2
262 292 2
263 286 2
264 278 2
265 271 2
266 264 2
267 263 2
268 262 2
269 259 2
270 259 2
271 259 2
272 258 2
273 258 2
274 257 2
275 257 2
276 257 2
277 257 2
278 256 2
279 256 2
280 256 2
281 256 2
282 256 2
283 256 2
284 256 2
285 256 2
286 255 2
287 255 2
288 255 2
289 255 2
290 510 2
291 507 2
292 505 2
293 504 2
294 502 2
295 502 2
296 501 2
297 499 2
298 495 2
299 495 2
300 493 2
301 486 2
302 483 2
303 478 2
304 475 2
305 469 2
306 467 2
307 465 2
308 463 2
309 460 2
310 457 2
311 456 2
312 449 2
313 447 2
314 444 2
315 440 2
316 437 2
317 434 2
318 429 2
319 426 2
320 426 2
321 423 2
322 420 2
323 418 2
324 417 2
325 413 2
326 408 2
327 404 2
328 401 2
329 400 2
330 399 2
331 397 2
332 393 2
333 388 2
334 386 2
335 386 2
336 384 2
337 383 2
338 382 2
339 380 2
340 376 2
341 371 2
342 369 2
343 368 2
344 368 2
345 367 2
346 366 2
347 365 2
348 365 2
349 365 2
350 363 2
351 363 2
352 363 2
353 724 2
354 721 2
355 716 2
356 715 4
357 711 4
358 706 4
359 702 4
360 698 4
361 686 4
362 679 4
363 676 4
364 666 4
365 654 4
366 651 4
367 642 4
368 634 4
369 626 4
370 619 4
371 608 4
372 1183 4
373 1148 4
374 1104 4
375 1060 4
376 1015 4
377 969 4
378 920 4
379 858 4
380 803 4
381 768 4
382 724 4
383 684 4
384 640 4
385 604 4
386 576 4
387 543 4
388 518 4
389 992 4
390 875 4
391 784 4
392 690 4
393 571 4
394 492 4
395 447 4
396 395 4
397 367 4
398 351 4
399 335 4
400 318 4
401 608 4
402 566 4
403 527 4
404 484 8
405 439 8
406 409 8
407 383 8
408 362 8
409 341 8
410 327 8
411 315 8
412 302 8
413 294 8
414 285 8
415 277 8
416 273 8
417 268 8
418 266 8
419 264 8
420 263 8
421 262 8
422 259 8
423 257 8
424 256 8
425 255 8
426 255 8
427 505 8
428 505 8
429 501 8
430 500 8
431 499 8
432 492 8
433 488 8
434 484 8
435 472 8
436 461 8
437 453 8
438 443 8
439 438 8
440 852 8
441 822 8
442 784 8
443 755 8
444 1461 8
445 1331 8
446 1190 8
447 1076 8
448 892 8
449 1493 8
450 1978 8
451 778 8
452 351 8
453 329 8
454 169 8
455 115 8
456 99 8
457 95 8
458 93 8
459 90 8
460 90 8
461 90 8
462 90 8
463 90 8
464 90 8
465 89 8
466 88 8
467 88 8
468 88 8
469 88 8
470 176 8
471 175 8
472 174 8
473 173 8
474 345 8
475 343 8
476 340 8
477 337 8
478 335 8
479 335 8
480 333 8
481 331 8
482 330 8
483 330 8
484 329 8
485 326 7
486 325 7
487 321 7
488 318 7
489 316 7
490 311 7
491 308 7
492 610 7
493 590 7
494 571 7
495 555 7
496 548 7
497 539 7
498 532 7
499 529 7
500 526 7
